# File generated by CMD 2.5 (http://stev.oapd.inaf.it/cmd) on Sat Nov 30 20:27:13 CET 2013
# Basic reference: Marigo et al. (2008, A&A 482, 883) 
# but applying the corrections from Case A in Girardi et al. (2010, ApJ 724, 1030) 
# Photometric system: CFHT/Megacam <i>u*g'r'i'z'</i>
# BCs of Carbon stars derive from Loidl et al. (2001, A&A 342, 531)
# O-rich circumstellar dust ignored
# C-rich circumstellar dust ignored
# IMF: Salpeter (1955) with cutoff at 0.01 Msun 
# Kind of output: luminosity functions
#	LF for the isochrone	Z = 0.01900		Age = 	1.00e+09 yr
#	age/yr	bin(mag) 	mbol    u*      g'      r'      i'      z'
	1.00e+09  19.900        0        0        0        0        0        0
	1.00e+09  19.700        0        0        0        0        0        0
	1.00e+09  19.500        0        0        0        0        0        0
	1.00e+09  19.300        0        0        0        0        0        0
	1.00e+09  19.100        0        0        0        0        0        0
	1.00e+09  18.900        0        0        0        0        0        0
	1.00e+09  18.700        0        0        0        0        0        0
	1.00e+09  18.500        0        0        0        0        0        0
	1.00e+09  18.300        0        0        0        0        0        0
	1.00e+09  18.100        0        0        0        0        0        0
	1.00e+09  17.900        0        0        0        0        0        0
	1.00e+09  17.700        0        0        0        0        0        0
	1.00e+09  17.500        0        0        0        0        0        0
	1.00e+09  17.300        0        0        0        0        0        0
	1.00e+09  17.100        0        0        0        0        0        0
	1.00e+09  16.900        0        0        0        0        0        0
	1.00e+09  16.700        0        0        0        0        0        0
	1.00e+09  16.500        0        0        0        0        0        0
	1.00e+09  16.300        0        0        0        0        0        0
	1.00e+09  16.100        0        0        0        0        0        0
	1.00e+09  15.900        0 2.87e-02        0        0        0        0
	1.00e+09  15.700        0 4.90e-02        0        0        0        0
	1.00e+09  15.500        0 4.31e-02        0        0        0        0
	1.00e+09  15.300        0 3.81e-02        0        0        0        0
	1.00e+09  15.100        0 3.39e-02        0        0        0        0
	1.00e+09  14.900        0 3.04e-02        0        0        0        0
	1.00e+09  14.700        0 4.29e-02        0        0        0        0
	1.00e+09  14.500        0 3.67e-02        0        0        0        0
	1.00e+09  14.300        0 3.16e-02        0        0        0        0
	1.00e+09  14.100        0 3.12e-02        0        0        0        0
	1.00e+09  13.900        0 2.78e-02        0        0        0        0
	1.00e+09  13.700        0 2.46e-02 1.98e-02        0        0        0
	1.00e+09  13.500        0 2.29e-02 5.53e-02        0        0        0
	1.00e+09  13.300        0 2.08e-02 4.79e-02        0        0        0
	1.00e+09  13.100        0 1.80e-02 4.18e-02        0        0        0
	1.00e+09  12.900        0 1.57e-02 3.59e-02        0        0        0
	1.00e+09  12.700        0 1.38e-02 3.87e-02        0        0 2.57e-03
	1.00e+09  12.500        0 1.39e-02 4.32e-02 1.56e-03 2.66e-03 2.69e-03
	1.00e+09  12.300        0 1.55e-02 3.73e-02 6.18e-02 2.53e-03 1.54e-03
	1.00e+09  12.100        0 1.22e-02 3.64e-02 5.44e-02 1.50e-03 1.10e-03
	1.00e+09  11.900 1.62e-03 9.66e-03 3.54e-02 4.57e-02 9.90e-04 1.19e-03
	1.00e+09  11.700 2.78e-03 8.79e-03 3.01e-02 4.03e-02 1.36e-03 1.63e-04
	1.00e+09  11.500 9.62e-04 8.08e-03 2.72e-02 3.90e-02 1.53e-04 1.66e-04
	1.00e+09  11.300 7.84e-04 7.52e-03 2.42e-02 4.74e-02 1.57e-04 1.69e-04
	1.00e+09  11.100 2.17e-02 6.97e-03 2.06e-02 3.84e-02 4.73e-02 1.16e-04
	1.00e+09  10.900 7.77e-02 5.81e-03 1.70e-02 3.51e-02 6.58e-02 2.96e-05
	1.00e+09  10.700 6.35e-02 4.77e-03 1.44e-02 3.49e-02 5.49e-02 6.24e-03
	1.00e+09  10.500 5.28e-02 4.43e-03 1.38e-02 2.98e-02 4.65e-02 7.91e-02
	1.00e+09  10.300 5.94e-02 4.03e-03 1.18e-02 2.77e-02 5.36e-02 6.45e-02
	1.00e+09  10.100 5.01e-02 3.85e-03 9.63e-03 2.37e-02 4.77e-02 5.44e-02
	1.00e+09  9.900 4.51e-02 3.47e-03 8.57e-03 1.96e-02 4.13e-02 5.56e-02
	1.00e+09  9.700 4.09e-02 2.82e-03 7.72e-03 1.68e-02 4.02e-02 5.30e-02
	1.00e+09  9.500 3.50e-02 2.59e-03 6.99e-03 1.47e-02 3.33e-02 4.45e-02
	1.00e+09  9.300 3.00e-02 2.45e-03 6.63e-03 1.37e-02 3.11e-02 4.18e-02
	1.00e+09  9.100 2.22e-02 2.32e-03 5.91e-03 1.11e-02 2.43e-02 3.53e-02
	1.00e+09  8.900 1.85e-02 2.21e-03 5.34e-03 1.05e-02 1.92e-02 3.10e-02
	1.00e+09  8.700 1.93e-02 2.13e-03 4.85e-03 8.74e-03 1.80e-02 2.44e-02
	1.00e+09  8.500 1.56e-02 2.09e-03 4.78e-03 7.95e-03 1.70e-02 1.93e-02
	1.00e+09  8.300 1.29e-02 2.11e-03 4.74e-03 7.14e-03 1.35e-02 1.98e-02
	1.00e+09  8.100 1.05e-02 2.63e-03 3.81e-03 6.71e-03 1.14e-02 1.75e-02
	1.00e+09  7.900 9.23e-03 2.24e-03 3.28e-03 6.07e-03 9.62e-03 1.43e-02
	1.00e+09  7.700 8.10e-03 1.77e-03 3.07e-03 5.40e-03 8.73e-03 1.15e-02
	1.00e+09  7.500 6.95e-03 1.72e-03 2.87e-03 4.93e-03 7.71e-03 1.00e-02
	1.00e+09  7.300 6.30e-03 1.80e-03 2.70e-03 4.61e-03 6.52e-03 8.59e-03
	1.00e+09  7.100 5.55e-03 1.80e-03 2.54e-03 4.15e-03 5.86e-03 7.21e-03
	1.00e+09  6.900 4.93e-03 1.75e-03 2.67e-03 3.83e-03 5.28e-03 6.41e-03
	1.00e+09  6.700 4.40e-03 1.66e-03 2.55e-03 3.47e-03 4.63e-03 5.64e-03
	1.00e+09  6.500 4.01e-03 1.60e-03 2.33e-03 3.28e-03 4.22e-03 4.91e-03
	1.00e+09  6.300 3.77e-03 1.72e-03 2.25e-03 3.14e-03 3.80e-03 4.38e-03
	1.00e+09  6.100 3.61e-03 1.59e-03 2.30e-03 3.24e-03 3.61e-03 3.99e-03
	1.00e+09  5.900 3.32e-03 1.59e-03 2.39e-03 2.93e-03 3.62e-03 3.91e-03
	1.00e+09  5.700 3.12e-03 1.56e-03 2.31e-03 2.74e-03 3.32e-03 3.70e-03
	1.00e+09  5.500 3.05e-03 1.59e-03 2.11e-03 2.81e-03 3.04e-03 3.32e-03
	1.00e+09  5.300 2.83e-03 1.54e-03 2.15e-03 2.85e-03 3.14e-03 3.30e-03
	1.00e+09  5.100 2.66e-03 1.49e-03 2.04e-03 2.58e-03 3.00e-03 3.28e-03
	1.00e+09  4.900 2.50e-03 1.51e-03 1.95e-03 2.54e-03 2.74e-03 2.94e-03
	1.00e+09  4.700 2.42e-03 1.52e-03 1.89e-03 2.33e-03 2.69e-03 2.79e-03
	1.00e+09  4.500 3.06e-03 1.54e-03 1.86e-03 2.28e-03 2.45e-03 2.62e-03
	1.00e+09  4.300 2.14e-03 1.54e-03 1.77e-03 2.18e-03 2.37e-03 2.46e-03
	1.00e+09  4.100 2.08e-03 1.43e-03 1.74e-03 2.09e-03 2.27e-03 2.34e-03
	1.00e+09  3.900 1.93e-03 1.43e-03 1.73e-03 2.01e-03 2.19e-03 2.28e-03
	1.00e+09  3.700 1.91e-03 1.44e-03 1.75e-03 1.95e-03 2.10e-03 2.19e-03
	1.00e+09  3.500 1.92e-03 1.40e-03 1.65e-03 1.99e-03 2.13e-03 2.23e-03
	1.00e+09  3.300 1.75e-03 1.38e-03 1.54e-03 1.90e-03 2.05e-03 2.07e-03
	1.00e+09  3.100 1.71e-03 2.04e-03 1.56e-03 1.76e-03 1.94e-03 2.03e-03
	1.00e+09  2.900 1.66e-03 2.04e-03 1.49e-03 1.76e-03 1.86e-03 1.90e-03
	1.00e+09  2.700 1.56e-03 1.94e-03 1.42e-03 1.68e-03 1.83e-03 1.85e-03
	1.00e+09  2.500 1.50e-03 1.65e-03 1.41e-03 1.58e-03 1.65e-03 1.67e-03
	1.00e+09  2.300 1.40e-03 1.31e-03 1.32e-03 1.49e-03 1.52e-03 1.46e-03
	1.00e+09  2.100 1.33e-03 2.07e-03 1.31e-03 1.37e-03 1.38e-03 1.30e-03
	1.00e+09  1.900 1.26e-03 4.54e-04 1.25e-03 1.26e-03 1.21e-03 1.17e-03
	1.00e+09  1.700 1.17e-03 6.81e-05 1.24e-03 1.18e-03 1.09e-03 9.85e-04
	1.00e+09  1.500 1.21e-03 3.54e-05 2.09e-03 1.09e-03 9.62e-04 8.81e-04
	1.00e+09  1.300 1.16e-03 1.85e-05 2.06e-03 1.09e-03 8.97e-04 7.97e-04
	1.00e+09  1.100 3.28e-04 9.49e-06 7.61e-04 8.10e-04 7.03e-04 5.76e-04
	1.00e+09  0.900 7.16e-04 2.90e-08 3.71e-04 6.05e-04 1.21e-04 6.23e-05
	1.00e+09  0.700 7.68e-04 2.17e-08 9.56e-05 8.10e-04 4.24e-04 4.18e-05
	1.00e+09  0.500 5.61e-04 2.90e-08 2.55e-05 6.07e-04 8.00e-04 8.54e-04
	1.00e+09  0.300 3.53e-04 2.17e-08 2.19e-05 4.32e-04 6.24e-04 7.08e-04
	1.00e+09  0.100 1.34e-04 2.90e-08 6.07e-05 1.77e-04 4.40e-04 5.36e-04
	1.00e+09  -0.100 3.24e-05 2.90e-08 2.52e-05 3.59e-05 1.84e-04 2.73e-04
	1.00e+09  -0.300 2.06e-05 4.35e-08 1.37e-05 2.08e-05 5.38e-05 9.75e-05
	1.00e+09  -0.500 1.50e-05 3.86e-08 1.09e-05 1.75e-05 2.28e-05 2.95e-05
	1.00e+09  -0.700 1.45e-05 3.86e-08 8.55e-06 3.54e-05 1.58e-05 1.87e-05
	1.00e+09  -0.900 5.44e-05 4.35e-08 7.80e-06 4.86e-05 1.56e-05 1.49e-05
	1.00e+09  -1.100 2.63e-05 3.86e-08 1.14e-05 1.15e-05 5.54e-05 2.25e-05
	1.00e+09  -1.300 8.22e-06 1.69e-08 9.73e-06 9.53e-06 2.53e-05 5.23e-05
	1.00e+09  -1.500 6.19e-06 1.21e-08 3.62e-08 8.61e-06 8.75e-06 1.91e-05
	1.00e+09  -1.700 4.63e-06 9.66e-09 4.35e-08 6.95e-06 6.46e-06 7.92e-06
	1.00e+09  -1.900 3.41e-06 1.21e-08 4.35e-08 6.29e-06 4.70e-06 5.92e-06
	1.00e+09  -2.100 2.63e-06 9.66e-09 4.10e-08 7.06e-06 3.45e-06 4.17e-06
	1.00e+09  -2.300 2.14e-06 1.21e-08 3.86e-08 7.74e-06 2.54e-06 3.24e-06
	1.00e+09  -2.500 2.07e-06 9.66e-09 4.35e-08 1.56e-05 2.40e-06 2.45e-06
	1.00e+09  -2.700 2.09e-06 9.66e-09 3.86e-08 6.18e-07 2.52e-06 2.21e-06
	1.00e+09  -2.900 1.92e-06 1.21e-08 4.35e-08 1.53e-06 2.53e-06 2.21e-06
	1.00e+09  -3.100 2.55e-06 9.66e-09 4.35e-08 5.94e-07 4.43e-06 2.17e-06
	1.00e+09  -3.300 1.71e-06 1.21e-08 2.41e-08 7.24e-08 3.28e-06 2.49e-06
	1.00e+09  -3.500 1.62e-06 4.83e-09 1.21e-08 7.24e-08 1.41e-05 2.30e-06
	1.00e+09  -3.700 3.69e-06        0 1.45e-08 7.00e-08 1.52e-05 1.76e-06
	1.00e+09  -3.900 3.40e-06        0 1.45e-08 6.76e-08 6.95e-07 4.60e-06
	1.00e+09  -4.100 3.26e-06        0 1.45e-08 6.28e-08 2.44e-06 4.47e-06
	1.00e+09  -4.300 3.34e-06        0 1.21e-08 6.76e-08 1.59e-07 6.62e-06
	1.00e+09  -4.500 3.39e-06        0 1.45e-08 2.90e-08 1.16e-07 1.23e-05
	1.00e+09  -4.700 3.61e-06        0 1.45e-08 2.17e-08 9.17e-08 4.19e-06
	1.00e+09  -4.900 4.00e-06        0 1.21e-08 2.17e-08 9.17e-08 2.53e-06
	1.00e+09  -5.100 5.19e-06        0 2.41e-09 2.17e-08 3.62e-08 2.22e-07
	1.00e+09  -5.300 5.37e-06        0        0 2.17e-08 3.86e-08 1.45e-07
	1.00e+09  -5.500        0        0        0 1.45e-08 3.62e-08 8.45e-08
	1.00e+09  -5.700        0        0        0        0 9.66e-09 4.10e-08
	1.00e+09  -5.900        0        0        0        0        0        0
	1.00e+09  -6.100        0        0        0        0        0        0
	1.00e+09  -6.300        0        0        0        0        0        0
	1.00e+09  -6.500        0        0        0        0        0        0
	1.00e+09  -6.700        0        0        0        0        0        0
	1.00e+09  -6.900        0        0        0        0        0        0
	1.00e+09  -7.100        0        0        0        0        0        0
	1.00e+09  -7.300        0        0        0        0        0        0
	1.00e+09  -7.500        0        0        0        0        0        0
	1.00e+09  -7.700        0        0        0        0        0        0
	1.00e+09  -7.900        0        0        0        0        0        0
	1.00e+09  -8.100        0        0        0        0        0        0
	1.00e+09  -8.300        0        0        0        0        0        0
	1.00e+09  -8.500        0        0        0        0        0        0
	1.00e+09  -8.700        0        0        0        0        0        0
	1.00e+09  -8.900        0        0        0        0        0        0
	1.00e+09  -9.100        0        0        0        0        0        0
	1.00e+09  -9.300        0        0        0        0        0        0
	1.00e+09  -9.500        0        0        0        0        0        0
	1.00e+09  -9.700        0        0        0        0        0        0
	1.00e+09  -9.900        0        0        0        0        0        0
	1.00e+09  -10.100        0        0        0        0        0        0
	1.00e+09  -10.300        0        0        0        0        0        0
	1.00e+09  -10.500        0        0        0        0        0        0
	1.00e+09  -10.700        0        0        0        0        0        0
	1.00e+09  -10.900        0        0        0        0        0        0
	1.00e+09  -11.100        0        0        0        0        0        0
	1.00e+09  -11.300        0        0        0        0        0        0
	1.00e+09  -11.500        0        0        0        0        0        0
	1.00e+09  -11.700        0        0        0        0        0        0
	1.00e+09  -11.900        0        0        0        0        0        0
	1.00e+09  -12.100        0        0        0        0        0        0
	1.00e+09  -12.300        0        0        0        0        0        0
	1.00e+09  -12.500        0        0        0        0        0        0
	1.00e+09  -12.700        0        0        0        0        0        0
	1.00e+09  -12.900        0        0        0        0        0        0
	1.00e+09  -13.100        0        0        0        0        0        0
	1.00e+09  -13.300        0        0        0        0        0        0
	1.00e+09  -13.500        0        0        0        0        0        0
	1.00e+09  -13.700        0        0        0        0        0        0
	1.00e+09  -13.900        0        0        0        0        0        0
	1.00e+09  -14.100        0        0        0        0        0        0
	1.00e+09  -14.300        0        0        0        0        0        0
	1.00e+09  -14.500        0        0        0        0        0        0
	1.00e+09  -14.700        0        0        0        0        0        0
	1.00e+09  -14.900        0        0        0        0        0        0
	1.00e+09  -15.100        0        0        0        0        0        0
	1.00e+09  -15.300        0        0        0        0        0        0
	1.00e+09  -15.500        0        0        0        0        0        0
	1.00e+09  -15.700        0        0        0        0        0        0
	1.00e+09  -15.900        0        0        0        0        0        0
	1.00e+09  -16.100        0        0        0        0        0        0
	1.00e+09  -16.300        0        0        0        0        0        0
	1.00e+09  -16.500        0        0        0        0        0        0
	1.00e+09  -16.700        0        0        0        0        0        0
	1.00e+09  -16.900        0        0        0        0        0        0
	1.00e+09  -17.100        0        0        0        0        0        0
	1.00e+09  -17.300        0        0        0        0        0        0
	1.00e+09  -17.500        0        0        0        0        0        0
	1.00e+09  -17.700        0        0        0        0        0        0
	1.00e+09  -17.900        0        0        0        0        0        0
	1.00e+09  -18.100        0        0        0        0        0        0
	1.00e+09  -18.300        0        0        0        0        0        0
	1.00e+09  -18.500        0        0        0        0        0        0
	1.00e+09  -18.700        0        0        0        0        0        0
	1.00e+09  -18.900        0        0        0        0        0        0
	1.00e+09  -19.100        0        0        0        0        0        0
	1.00e+09  -19.300        0        0        0        0        0        0
	1.00e+09  -19.500        0        0        0        0        0        0
	1.00e+09  -19.700        0        0        0        0        0        0
	1.00e+09  -19.900        0        0        0        0        0        0
